Resultados calculo PID 23/05/2018

Motor A

ctesP ={0.15735,0,0,0,0}
ctesPI ={0.12562,-0.1067,0,1,0}
ctesPID ={0.76629,-1.1194,0.3938,0,1}

Motor B 19:30

ctesP ={0.14152,0,0,0,0}
ctesPI ={0.11391,-0.095936,0,1,0}
ctesPID ={0.66002,-0.9452,0.32418,0,1}

Motor B 19:28

ctesP ={0.13028,0,0,0,0}
ctesPI ={0.10387,-0.087482,0,1,0}
ctesPID ={0.61708,-0.89187,0.30963,0,1}