Resultados calculo PID 24/05/2018

Motor A

ctesP ={0.15537,0,0,0,0}
ctesPI ={0.14426,-0.13541,0,1,0}
ctesPID ={1.0805,-1.7488,0.70764,0,1}

Motor B 19:30

ctesP ={0.14149,0,0,0,0}
ctesPI ={0.13165,-0.12304,0,1,0}
ctesPID ={0.93248,-1.4871,0.59289,0,1}

Motor B 19:28

ctesP ={0.14114,0,0,0,0}
ctesPI ={0.13117,-0.12289,0,1,0}
ctesPID ={0.9586,-1.5417,0.61985,0,1}